function mpc = case247
%CASE247    Power flow data for the IEEE247(modified version of IEEE 300) bus test case.
%   Please see the paper from Mina Youssef about cascading failure metric.
%   Please see CASEFORMAT for details on the case file format.
%   This data was converted from IEEE Common Data Format
%   (ieee300cdf.txt) on 20-Sep-2004 by cdf2matp, rev. 1.11
%   See end of file for warnings generated during conversion.
%
%   Converted from IEEE CDF file from:
%       http://www.ee.washington.edu/research/pstca/
% 
%  13/05/91 CYME INTERNATIONAL    100.0 1991 S IEEE 300-BUS TEST SYSTEM

%   MATPOWER
%   $Id: case300.m,v 1.11 2010/03/10 18:08:14 ray Exp $

%% MATPOWER Case Format : Version 2
mpc.version = '2';

%%-----  Power Flow Data  -----%%
%% system MVA base
mpc.baseMVA = 100;

%% bus data
%	bus_i	type	Pd	Qd	Gs	Bs	area	Vm	Va	baseKV	zone	Vmax	Vmin
mpc.bus = [
1	3	0       49	0	0	1	1.0284	5.95	115	1	1.06	0.94;
2	1	0.56	15	0	0	1	1.0354	7.74	115	1	1.06	0.94;
3	1	0.2     0	0	0	1	0.9971	6.64	230	1	1.06	0.94;
4	1	0       0	0	0	1	1.0308	4.71	345	1	1.06	0.94;
5	1	3.53	130	0	0	1	1.0191	4.68	115	1	1.06	0.94;
6	1	1.2     41	0	0	1	1.0312	6.99	115	1	1.06	0.94;
7	1	0       0	0	0	1	0.9934	6.19	230	1	1.06	0.94;
8	1	0.58	14	0	0	1	1.0153	2.4     115	1	1.06	0.94;
9	1	0.96	43	0	0	1	1.0034	2.85	115	1	1.06	0.94;
10	1	1.48	33	0	0	1	1.0205	1.35	230	1	1.06	0.94;
11	1	0.83	21	0	0	1	1.0057	2.46	115	1	1.06	0.94;
12	1	0       0	0	0	1	0.9974	5.21	230	1	1.06	0.94;
13	1	0.58	10	0	0	1	0.9977	-0.55	115	1	1.06	0.94;
14	1	1.6     60	0	0	1	0.9991	-4.81	115	1	1.06	0.94;
15	1	1.27	23	0	0	1	1.0343	-8.59	115	1	1.06	0.94;
16	1	0       0	0	0	1	1.0315	-2.65	345	1	1.06	0.94;
17	1	5.61	220	0	0	1	1.0649	-13.1	115	1	1.06	0.94;
18	1	0       0	0	0	1	0.982	1.08	230	1	1.06	0.94;
19	1	5.95	120	0	0	1	1.001	-2.46	115	1	1.06	0.94;
20	1	0.77	1	0	0	1	0.9752	1.62	230	1	1.06	0.94;
21	1	0.81	23	0	0	1	0.9963	-1.97	115	1	1.06	0.94;
22	1	0.21	7	0	0	1	1.0501	3.94	115	1	1.06	0.94;
23	1	0       0	0	0	1	1.0057	6.02	230	1	1.06	0.94;
24	1	0.45	12	0	0	1	1.0234	1.44	115	1	1.06	0.94;
25	1	0.28	9	0	0	1	0.9986	-1.73	115	1	1.06	0.94;
26	1	0.69	13	0	0	1	0.975	-4.9	115	1	1.06	0.94;
27	1	0.55	6	0	0	1	1.0244	-12.02	115	1	1.06	0.94;
28	1	0       0	0	0	1	1.0414	-7.94	345	1	1.06	0.94;
29	1	0       0	0	0	1	0.9757	-25.72	115	1	1.06	0.94;
30	1	0       0	0	0	1	1.0011	-22.59	230	1	1.06	0.94;
31	1	0.85	32	0	0	1	1.0201	-11.23	115	1	1.06	0.94;
32	1	1.55	18	0	0	1	1.0202	-12.56	115	1	1.06	0.94;
33	1	0	0	0	0	1	1.0535	-5.81	345	1	1.06	0.94;
34	1	0.46	-21	0	0	1	1.0216	-12.78	115	1	1.06	0.94;
35	1	0.86	0	0	0	1	1.0292	-10.45	115	1	1.06	0.94;
36	1	0	0	0	0	1	1.0448	-7.44	345	1	1.06	0.94;
37	1	0.39	9	0	0	1	1.0006	-16.79	115	1	1.06	0.94;
38	1	1.95	29	0	0	1	1.0086	-17.47	115	1	1.06	0.94;
39	1	0	0	0	0	1	1.0215	-14.74	230	1	1.06	0.94;
40	1	0	0	0	0	1	1.0344	-11.75	345	1	1.06	0.94;
41	1	0.58	11.8	0	0	1	0.9777	-23.17	115	1	1.06	0.94;
42	1	0.41	19	0	0	1	1.0019	-16.09	115	1	1.06	0.94;
43	1	0.92	26	0	0	1	1.0475	-2.95	115	1	1.06	0.94;
44	2	0       5	0	0	1	1.0253	-8.15	115	1	1.06	0.94;
45	1	0.61	28	0	0	1	0.9979	-11.86	115	1	1.06	0.94;
46	1	0.69	3	0	0	1	0.9959	-17.6	115	1	1.06	0.94;
47	1	0.1	1	0	0	1	1.005	-16.25	115	1	1.06	0.94;
48	1	0.22	10	0	0	1	1.015	-12.21	115	1	1.06	0.94;
49	1	0.98	20	0	0	1	1.0335	-8	115	1	1.06	0.94;
50	1	0.14	1	0	0	1	0.9918	-5.99	115	1	1.06	0.94;
51	1	2.18	106	0	0	1	0.9789	-5.29	115	1	1.06	0.94;
52	1	0	0	0	0	1	1.0246	-9.56	230	1	1.06	0.94;
53	1	2.27	110	0	0	1	0.9906	-3.47	115	1	1.06	0.94;
54	1	0	0	0	0	1	1.016	-1.1	230	1	1.06	0.94;
55	1	0.7	30	0	0	1	0.9583	-17.62	115	1	1.06	0.94;
56	1	0	0	0	0	1	0.948	-12.97	230	1	1.06	0.94;
57	1	0	0	0	0	1	0.963	-25.66	115	1	1.06	0.94;
58	1	0.56	20	0	0	1	0.9513	-35.16	115	1	1.06	0.94;
59	1	1.16	38	0	0	1	0.9793	-29.88	115	1	1.06	0.94;
60	1	0.57	19	0	0	1	0.9696	-27.48	115	1	1.06	0.94;
61	1	2.24	71	0	0	1	0.9775	-25.77	115	1	1.06	0.94;
62	1	0	0	0	0	1	0.9964	-22	230	1	1.06	0.94;
63	1	2.08	107	0	0	1	0.9632	-26.54	115	1	1.06	0.94;
64	1	0.74	28	0	0	1	0.9837	-24.94	115	1	1.06	0.94;
65	1	0	0	0	0	1	0.99	-24.05	115	1	1.06	0.94;
66	1	0.48	14	0	0	1	0.982	-24.97	115	1	1.06	0.94;
67	1	0.28	7	0	0	1	0.9872	-24.97	115	1	1.06	0.94;
68	1	0	0	0	0	1	1.034	-18.89	345	1	1.06	0.94;
69	1	0.37	13	0	0	1	1.025	-17.16	115	1	1.06	0.94;
70	1	0	0	0	0	1	0.9872	-17.68	230	1	1.06	0.94;
71	1	0	0	0	0	1	0.9909	-14.19	230	1	1.06	0.94;
72	1	0	0	0	0	1	0.9921	-7.77	230	1	1.06	0.94;
73	1	0	0	0	0	1	1.0151	-20.96	230	1	1.06	0.94;
74	1	0.44	0	0	0	1	1.0317	-11.13	115	1	1.06	0.94;
75	1	0.66	0	0	0	1	1.0272	-11.23	115	1	1.06	0.94;
76	1	0.17	0	0	0	1	1.052	-9.4	115	1	1.06	0.94;
77	1	0.16	0	0	0	1	1.052	-6.2	115	1	1.06	0.94;
78	1	0.6	0	0	0	1	0.993	-9.42	115	1	1.06	0.94;
79	1	0.4	0	0	0	1	1.0183	-13.24	115	1	1.06	0.94;
80	1	0.67	0	0	0	1	1	-14.6	115	1	1.06	0.94;
81	1	0.83	0	0	0	1	0.9894	-20.27	115	1	1.06	0.94;
82	1	0	0	0	0	1	1.006	-14.45	115	1	1.06	0.94;
83	1	0.78	0	0	0	1	1.0008	-15.23	115	1	1.06	0.94;
84	1	0.32	0	0	0	1	1.0288	-12.06	115	1	1.06	0.94;
85	1	0.09	0	0	0	1	0.9958	-17.33	115	1	1.06	0.94;
86	1	0.5	0	0	0	1	1.0223	-12.94	115	1	1.06	0.94;
87	1	0.05	0	0	0	1	1.0095	-16.03	115	1	1.06	0.94;
88	1	1.12	0	0	0	1	0.99	-20.26	115	1	1.06	0.94;
89	1	0.31	0	0	0	1	0.9749	-26.06	115	1	1.06	0.94;
90	1	0.63	0	0	0	1	0.973	-24.72	115	1	1.06	0.94;
91	1	0.2	0	0	0	1	0.9725	-28.69	115	1	1.06	0.94;
92	1	0.26	0	0	0	1	0.97	-25.38	115	1	1.06	0.94;
93	1	0.18	0	0	0	1	0.9747	-28.59	115	1	1.06	0.94;
94	1	0	0	0	0	1	0.9603	-13.57	115	2	1.06	0.94;
95	1	0	0	0	0	1	1.0249	-12.69	115	2	1.06	0.94;
96	1	0	0	0	325	1	0.9348	-4.72	115	2	1.06	0.94;
97	1	0.14	650	0	0	1	0.9298	-4.12	115	2	1.06	0.94;
98	1	0	0	0	0	1	1.0435	5.17	115	2	1.06	0.94;
99	1	7.77	215	0	55	1	0.9584	-8.77	115	2	1.06	0.94;
100	1	5.35	55	0	0	1	0.9871	-12.64	115	2	1.06	0.94;
101	1	2.29	11.8	0	0	1	0.9728	-14.36	115	2	1.06	0.94;
102	1	0.78	1.4	0	0	1	1.0006	-17.64	115	2	1.06	0.94;
103	1	2.76	59.3	0	0	1	1.0233	-13.49	115	2	1.06	0.94;
104	1	5.15	82.7	0	0	1	1.0103	-18.43	115	2	1.06	0.94;
105	1	0.58	5.1	0	0	1	0.9978	-12.86	115	2	1.06	0.94;
106	1	3.81	37	0	0	1	1.0001	-10.52	230	2	1.06	0.94;
107	1	0	0	0	0	1	1.0024	-4.78	230	2	1.06	0.94;
108	1	0	0	0	0	1	1.0028	-4.4	230	2	1.06	0.94;
109	1	0	0	0	0	1	1.0191	5.56	230	2	1.06	0.94;
110	1	0	0	0	0	1	0.9861	6.06	230	2	1.06	0.94;
111	1	0	0	0	0	1	1.0045	3.04	230	2	1.06	0.94;
112	1	0	0	0	0	1	1.002	-5.46	230	2	1.06	0.94;
113	1	0	0	0	0	1	1.022	-8.04	230	2	1.06	0.94;
114	1	1.69	41.6	0	0	1	1.0193	-6.76	230	2	1.06	0.94;
115	1	0.55	18.2	0	0	1	1.0476	1.54	230	2	1.06	0.94;
116	1	2.74	99.8	0	0	1	1.0471	-1.45	230	2	1.06	0.94;
117	1	8.27	135.2	0	0	1	1.055	-6.35	230	2	1.06	0.94;
118	1	5.95	83.3	0	0	1	1.0117	-3.57	115	2	1.06	0.94;
119	1	3.88	114.7	0	0	1	1.043	-3.44	230	2	1.06	0.94;
120	1	1.45	58	0	0	1	1.051	0.05	230	2	1.06	0.94;
121	1	0.56	24.5	0	0	1	1.0155	-2.77	230	2	1.06	0.94;
122	1	0.9	35.5	0	0	1	1.0435	4.03	230	2	1.06	0.94;
123	1	0	0	0	0	1	1.016	-0.7	230	2	1.06	0.94;
124	1	0.24	14	0	0	1	1.0081	-0.16	230	2	1.06	0.94;
125	1	0	0	0	0	1	1.0528	4.32	230	2	1.06	0.94;
126	1	0	0	0	0	1	1.0528	8.36	230	2	1.06	0.94;
127	1	0.63	25	0	0	1	1.0577	0.28	230	2	1.06	0.94;
128	1	0	0	0	0	1	1.0735	5.23	230	2	1.06	0.94;
129	1	0	0	0	0	1	0.9869	6.34	230	2	1.06	0.94;
130	1	0	0	0	0	1	1.0048	4.13	230	2	1.06	0.94;
131	1	0.17	9	0	0	1	1.0535	9.24	230	2	1.06	0.94;
132	1	0	0	0	0	1	1.0435	10.46	230	2	1.06	0.94;
133	1	0.7	5	0	34.5	1	0.9663	-1.8	115	2	1.06	0.94;
134	1	2	50	0	0	1	1.0177	6.75	230	2	1.06	0.94;
135	1	0.75	50	0	0	1	0.963	5.15	115	2	1.06	0.94;
136	1	1.24	-24.3	0	0	1	0.9845	-11.93	230	2	1.06	0.94;
137	1	0	0	0	0	1	0.9987	-11.4	230	2	1.06	0.94;
138	1	0.33	16.5	0	0	1	0.9867	-9.82	230	2	1.06	0.94;
139	1	0	0	0	0	1	0.9998	-12.55	230	2	1.06	0.94;
140	1	0.35	15	0	0	1	1.036	8.85	230	2	1.06	0.94;
141	1	0.85	24	0	0	1	0.9918	18.5	230	2	1.06	0.94;
142	1	0	0.4	0	0	1	1.041	2.91	230	2	1.06	0.94;
143	1	0	0	0	-212	1	0.9839	9.66	230	2	1.06	0.94;
144	1	0	0	0	0	1	1.0002	26.31	230	2	1.06	0.94;
145	1	0	0	0	-103	1	0.9973	30.22	230	2	1.06	0.94;
146	1	3	95.7	0	0	1	0.9715	-6.91	230	2	1.06	0.94;
147	1	0	0	0	0	1	1.0024	-4.8	230	2	1.06	0.94;
